73 0.809838 0.166597 0.0797779 0.290099
73 0.809882 0.752379 0.0799757 0.290126
73 0.596928 0.165601 0.0822893 0.290814
73 0.595727 0.7541 0.0824035 0.292832
73 0.305534 0.16586 0.0776396 0.286901
73 0.917456 0.754291 0.0791451 0.292239
73 0.705107 0.16498 0.0774776 0.289855
73 0.7054 0.751632 0.0771849 0.290588
73 0.408576 0.165817 0.0797175 0.29393
73 0.505075 0.188223 0.973886 0.369398
73 0.50558 0.785425 0.974265 0.36779
73 0.499085 0.190056 0.0971121 0.340702
73 0.918249 0.167327 0.0796318 0.293932
73 0.304458 0.752114 0.0766413 0.287012
73 0.863123 0.758589 0.0317924 0.301518
